TransactionID: 590540 (int64)
[2987000 2987001 2987002 2987003 2987004 2987005 2987006 2987007 2987008
 2987009 2987010 2987011 2987012 2987013 2987014 2987015 2987016 2987017
 2987018 2987019 2987020 2987021 2987022 2987023 2987024 2987025 2987026
 2987027 2987028 2987029 2987030 2987031 2987032 2987033 2987034 2987035
 2987036 2987037 2987038 2987039 2987040 2987041 2987042 2987043 2987044
 2987045 2987046 2987047 2987048 2987049 2987050 2987051 2987052 2987053
 2987054 2987055 2987056 2987057 2987058 2987059 2987060 2987061 2987062
 2987063 2987064 2987065 2987066 2987067 2987068 2987069 2987070 2987071
 2987072 2987073 2987074 2987075 2987076 2987077 2987078 2987079 2987080
 2987081 2987082 2987083 2987084 2987085 2987086 2987087 2987088 2987089
 2987090 2987091 2987092 2987093 2987094 2987095 2987096 2987097 2987098
 2987099]

###########################################################

isFraud: 2 (int64)
[0 1]

###########################################################

TransactionDT: 573349 (int64)
[86400 86401 86469 86499 86506 86510 86522 86529 86535 86536 86549 86555
 86564 86585 86596 86618 86620 86668 86725 86730 86761 86769 86786 86808
 86821 86944 86945 86972 86973 86979 86994 86998 87008 87078 87135 87140
 87149 87161 87172 87202 87209 87220 87233 87248 87266 87275 87285 87317
 87319 87328 87333 87349 87401 87413 87440 87445 87532 87557 87581 87596
 87601 87604 87611 87650 87660 87664 87667 87725 87735 87736 87752 87759
 87775 87779 87787 87793 87825 87839 87856 87868 87899 87924 87928 87935
 87950 88004 88021 88042 88046 88053 88054 88070 88107 88120 88131 88147
 88149 88162 88169 88174]

###########################################################

TransactionAmt: 20902 (float64)
[  68.5     29.      59.      50.      49.     159.     422.5     15.
  117.      75.887   16.495   40.      10.5     57.95    30.     100.
   47.95   186.      39.     159.95   107.95    73.95   184.      20.
   36.99    35.     363.89   200.      77.      21.95    25.      39.95
  774.      39.5     36.95    42.294    3.595  226.     130.95    34.
  210.95   500.     380.21    35.95  2454.      58.95    80.     250.
  114.95   300.     445.       3.081    6.767  554.      27.793  280.
   28.699   60.     104.95   411.95   125.674   42.596   44.5     88.95
  140.     318.95    77.821  107.     527.     108.5     21.5     75.
   42.95     5.075   92.     150.    1153.95    18.186   11.782    4.433
   87.95    70.933  444.61   757.07  2594.95  3000.      56.95   129.299
  208.43    23.806   25.95    43.95   587.82   479.95   171.      92.95
  973.95    26.5    306.47   424.95 ]

###########################################################

ProductCD: 5 (object)
['W' 'H' 'C' 'S' 'R']

###########################################################

card1: 13553 (int64)
[13926  2755  4663 18132  4497  5937 12308 12695  2803 17399 16496  4461
  3786 12866 11839  7055  1790 11492  7005  7875 11401  1724  2392 10112
 15385 17868 11307  8431 12932 13276  6573  7835  8613 17359  9766  4806
 13249  5463 12598 13329  9002 13085 10776  9281 16132 12544  4208 15885
 12730 10045  7826 18018 18370  3670  1955 16659  9785  2213 17967  3278
 17188 15333  1240 14076  3682  1662 13832 14858  4504  7207 15066 14695
  5583 11815  1549 18095 14165  6481  5220  5409  2538 15121  2581  6459
  1214  4523  4186 12733  9500  9515  2704 15497 12184 11465 10520  9803
  2456  9749  1804  6550]

###########################################################

card2: 500 (float64)
[ nan 404. 490. 567. 514. 555. 360. 100. 111. 352. 375. 418. 303. 314.
 543. 583. 148. 321. 269. 361. 272. 399. 569. 453. 417. 512. 545. 266.
 114. 481. 452. 547. 383. 170. 343. 556. 285. 562. 302. 264. 558. 500.
 396. 103. 206. 143. 243. 476. 199. 174. 423. 446. 492. 523. 440. 528.
 161. 535. 354. 117. 455. 325. 158. 268. 122. 479. 147. 215. 480. 265.
 388. 408. 309. 415. 414. 437. 104. 225. 101. 134. 586. 191. 491. 369.
 322. 494. 532. 313. 474. 324. 475. 298. 429. 432. 553. 566. 599. 296.
 251. 310.]

###########################################################

card3: 114 (float64)
[150. 117. 185. 143. 144. 163. 146. 191. 162. 119. 147. 100. 135. 137.
 138. 102. 213. 106. 214. 148. 210. 203. 194. 141. 225.  nan 188. 193.
 208. 133. 223. 134. 153. 131. 200. 149. 116. 222. 220. 197. 129. 206.
 195. 204. 127. 142. 111. 159. 118. 229. 217. 212. 227. 166. 189. 120.
 171. 190. 105. 130. 170. 180. 177. 132. 109. 198. 121. 183. 215. 156.
 207. 186. 167. 152. 199. 219. 202. 126. 182. 123. 107. 221. 124. 231.
 157. 136. 128. 168. 101. 108. 125. 211. 164. 160. 161. 179. 155. 169.
 205. 209.]

###########################################################

card4: 4 (object)
['discover' 'mastercard' 'visa' 'american express' nan]

###########################################################

card5: 119 (float64)
[142. 102. 166. 117. 226. 224. 134. 219. 137. 195. 138. 100. 147. 162.
 202. 118. 150. 183. 171. 236. 197. 133. 223. 149. 228. 229.  nan 198.
 182. 126. 185. 190. 131. 144. 141. 215. 203. 237. 132. 143. 146. 140.
 129. 199. 194. 213. 111. 169. 177. 173. 156. 119. 135. 107. 232. 188.
 159. 127. 148. 139. 104. 210. 180. 207. 204. 212. 106. 152. 222. 187.
 200. 214. 189. 181. 206. 225. 157. 121. 217. 184. 167. 113. 136. 120.
 201. 211. 122. 164. 123. 145. 172. 114. 231. 105. 221. 234. 130. 109.
 196. 101.]

###########################################################

card6: 4 (object)
['credit' 'debit' nan 'debit or credit' 'charge card']

###########################################################

billing zipcode: 332 (float64)
[315. 325. 330. 476. 420. 272. 126. 337. 204.  nan 226. 170. 184. 264.
 299. 441. 472. 251. 469. 191. 485. 122. 220. 205. 387. 181. 231. 436.
 327. 343. 123. 502. 269. 158. 433. 143. 225. 492. 177. 512. 310. 308.
 418. 494. 253. 428. 203. 110. 444. 498. 194. 536. 384. 324. 295. 448.
 157. 171. 224. 491. 274. 432. 459. 106. 296. 254. 452. 347. 335. 305.
 161. 221. 154. 130. 465. 451. 331. 511. 486. 312. 242. 131. 508. 332.
 283. 216. 431. 391. 333. 496. 304. 167. 261. 399. 164. 142. 393. 258.
 375. 483.]

###########################################################

country codes: 74 (float64)
[ 87.  nan  96.  35.  60.  98.  43.  65.  32.  13.  31. 101.  24.  16.
  15.  19.  71.  59. 102.  44.  26.  69.  47.  78.  88.  66.  72.  22.
  57.  25.  17.  30.  29.  21.  14.  49.  83.  75.  34.  86.  48.  68.
  23.  70.  62.  54.  50.  52.  39.  76.  10.  73.  97.  63.  27.  28.
  38.  74.  77.  92.  79.  84.  82.  40.  36.  46.  18.  20.  89.  61.
  94. 100.  55.  51.  93.]

###########################################################

dist1: 2651 (float64)
[1.900e+01       nan 2.870e+02 3.600e+01 0.000e+00 3.000e+00 5.000e+00
 4.000e+00 1.700e+01 1.300e+01 2.000e+00 6.640e+02 2.000e+01 6.000e+00
 3.000e+01 1.600e+01 8.000e+01 7.000e+00 1.540e+02 1.000e+00 2.400e+01
 2.239e+03 2.200e+01 9.000e+00 1.000e+01 3.270e+02 1.370e+02 3.100e+01
 1.130e+02 2.300e+01 1.120e+02 8.000e+00 5.500e+01 1.200e+01 3.200e+01
 8.010e+02 2.355e+03 1.111e+03 1.100e+01 1.568e+03 8.300e+01 1.800e+01
 2.700e+01 9.000e+01 1.500e+01 9.100e+01 1.400e+01 3.800e+01 5.100e+01
 4.500e+01 4.050e+02 1.840e+02 1.576e+03 1.330e+02 2.220e+02 5.250e+02
 2.390e+02 6.800e+01 3.520e+02 2.900e+01 3.600e+02 1.180e+02 2.381e+03
 1.850e+02 3.720e+02 4.800e+01 1.415e+03 3.900e+01 4.000e+01 2.140e+02
 1.223e+03 2.100e+01 1.450e+03 5.730e+02 4.900e+01 6.200e+01 5.090e+02
 2.100e+02 3.240e+02 3.400e+01 1.622e+03 7.100e+01 2.600e+01 5.400e+01
 5.590e+02 6.450e+02 3.610e+02 5.900e+01 7.260e+02 1.071e+03 6.400e+01
 5.800e+01 8.680e+02 2.800e+01 3.300e+01 4.840e+02 1.760e+02 1.764e+03
 5.200e+01 9.600e+01]

###########################################################

dist2: 1751 (float64)
[      nan 3.000e+01 9.800e+01 1.490e+02 8.400e+01 1.000e+02 7.440e+02
 1.090e+02 7.000e+00 6.000e+00 1.740e+02 3.170e+02 7.300e+01 2.400e+02
 4.000e+00 7.000e+01 2.000e+00 0.000e+00 9.900e+01 4.250e+02 2.100e+01
 2.527e+03 5.140e+02 2.280e+02 1.107e+03 3.530e+02 6.600e+01 6.700e+01
 1.010e+02 5.710e+02 3.400e+02 1.000e+00 5.160e+02 4.200e+01 1.340e+02
 7.600e+01 4.380e+02 6.800e+01 3.600e+01 2.260e+02 2.850e+02 2.200e+02
 1.700e+01 1.390e+02 7.110e+02 9.000e+00 4.460e+02 1.100e+02 4.000e+01
 1.400e+01 4.830e+02 8.110e+02 4.180e+02 3.250e+02 8.930e+02 3.690e+02
 1.500e+01 2.300e+01 2.190e+02 1.528e+03 2.395e+03 1.194e+03 5.080e+02
 1.800e+01 4.370e+02 2.140e+02 3.110e+02 1.280e+02 1.599e+03 8.920e+02
 1.990e+02 2.127e+03 8.370e+02 9.070e+02 4.530e+02 1.976e+03 1.600e+01
 4.635e+03 8.000e+01 5.100e+01 1.510e+02 1.300e+01 2.820e+02 9.400e+01
 3.430e+02 3.440e+02 2.580e+02 6.310e+02 1.150e+02 1.570e+03 2.270e+02
 1.610e+02 4.660e+02 2.517e+03 4.520e+02 5.521e+03 5.000e+01 1.000e+01
 3.990e+02 5.500e+01]

###########################################################

Purchaser_emaildom: 59 (object)
[nan 'gmail.com' 'outlook.com' 'yahoo.com' 'mail.com' 'anonymous.com'
 'hotmail.com' 'verizon.net' 'aol.com' 'me.com' 'comcast.net'
 'optonline.net' 'cox.net' 'charter.net' 'rocketmail.com' 'prodigy.net.mx'
 'embarqmail.com' 'icloud.com' 'live.com.mx' 'gmail' 'live.com' 'att.net'
 'juno.com' 'ymail.com' 'sbcglobal.net' 'bellsouth.net' 'msn.com' 'q.com'
 'yahoo.com.mx' 'centurylink.net' 'servicios-ta.com' 'earthlink.net'
 'hotmail.es' 'cfl.rr.com' 'roadrunner.com' 'netzero.net' 'gmx.de'
 'suddenlink.net' 'frontiernet.net' 'windstream.net' 'frontier.com'
 'outlook.es' 'mac.com' 'netzero.com' 'aim.com' 'web.de' 'twc.com'
 'cableone.net' 'yahoo.fr' 'yahoo.de' 'yahoo.es' 'sc.rr.com' 'ptd.net'
 'live.fr' 'yahoo.co.uk' 'hotmail.fr' 'hotmail.de' 'hotmail.co.uk'
 'protonmail.com' 'yahoo.co.jp']

###########################################################

Retailer_email.dom: 60 (object)
[nan 'gmail.com' 'hotmail.com' 'outlook.com' 'anonymous.com' 'charter.net'
 'prodigy.net.mx' 'comcast.net' 'live.com.mx' 'icloud.com' 'yahoo.com'
 'aol.com' 'juno.com' 'att.net' 'verizon.net' 'yahoo.com.mx'
 'bellsouth.net' 'servicios-ta.com' 'ymail.com' 'hotmail.es' 'msn.com'
 'optonline.net' 'live.com' 'gmx.de' 'aim.com' 'mail.com' 'me.com'
 'outlook.es' 'cox.net' 'earthlink.net' 'embarqmail.com' 'web.de'
 'sbcglobal.net' 'scranton.edu' 'mac.com' 'twc.com' 'roadrunner.com'
 'yahoo.fr' 'yahoo.de' 'yahoo.es' 'frontiernet.net' 'gmail' 'live.fr'
 'q.com' 'yahoo.co.uk' 'windstream.net' 'suddenlink.net' 'hotmail.fr'
 'ptd.net' 'hotmail.de' 'frontier.com' 'cfl.rr.com' 'hotmail.co.uk'
 'netzero.com' 'netzero.net' 'yahoo.co.jp' 'rocketmail.com'
 'centurylink.net' 'protonmail.com' 'cableone.net' 'sc.rr.com']

###########################################################

C1: 1657 (float64)
[  1.   2.   4.   6. 127.   3.   8.  92. 190.   5.  12.   7. 202.  21.
 131.  16.  25.   0.   9. 199.  10. 149.  82.  26. 205. 151.  15. 157.
 103. 105. 189. 136.  11.  28.  76. 160. 155. 111. 129.  20.  18.  13.
  35.  40. 133.  14.  39.  96.  47. 106. 171.  56. 138. 210.  23.  70.
  95. 115. 107. 137.  90.  42. 132. 109. 123.  22. 120. 134. 141. 102.
  68. 152. 156.  99.  17. 128. 135. 150. 733.  51. 734. 108.  94.  91.
  97. 154.  24.  86. 130. 122.  89. 163. 165. 121. 735. 140.  19. 101.
  98. 125.]

###########################################################

C2: 1216 (float64)
[  1.   5.   2.   4. 120.  86. 145.   6.  11. 208.   3. 153.  25.   7.
  16.  20.  13. 183.  44.   9. 111.  72.   0.   8. 165. 131.  10. 142.
 100.  12. 173.  18. 117.  24.  57.  65.  58.  59. 163.  60.  14. 123.
  15. 104.  36.  29. 124.  90.  43.  85.  17. 106. 172.  40. 132. 217.
  80.  52. 109. 115. 119.  95.  46. 107.  94.  84.  19. 113. 108. 152.
  64. 125. 159.  83. 103. 129. 130. 803. 804.  75. 805. 128. 270.  88.
 149. 122.  96.  23. 101.  34. 118. 808.  87. 138.  53.  27.  89.  76.
  79.  74.]

###########################################################

C3: 27 (float64)
[ 0.  1.  8.  3.  2. 16.  4.  9. 10. 12. 11. 13. 14. 15. 17. 18. 19. 20.
 21. 22. 23.  5. 24. 25.  6.  7. 26.]

###########################################################

C4: 1260 (float64)
[  0.   1.   2.   3.   4.  46.  47.  48.  21.   5.  10.  12. 534. 536.
  29. 537.  13.  32.  27.   7. 538.  22.  20.   9.  33.   6.  34.  30.
  14. 542. 543.   8.  11.  17.  18.  42. 544. 545. 547.  59. 548.  19.
 549. 550. 551.  28.  66.  43.  70.  35.  45.  31.  78.  79.  80.  81.
  83.  86.  87. 552.  90.  91.  92.  93.  94.  95.  97.  99. 107. 109.
 111. 113. 114. 117. 121. 123. 126. 127. 128. 129. 131. 132. 133. 134.
 135. 136. 137. 138. 139. 143. 144. 145. 147. 148. 154. 155. 156. 160.
 163. 165.]

###########################################################

C5: 319 (float64)
[  0.   2.   1. 168.   3. 121. 142.   5.   6. 128. 118.  33.   4. 103.
   7.  10.  17.   8. 123. 111. 152. 137. 147. 116.  60.  11. 117.  88.
  72.  26.  56.  87. 134.  99.   9.  37.  38.  14.  15.  31. 130.  28.
 170. 208. 101.  62.  84.  96.  92. 136. 107.  32.  82.  97. 154.  19.
  90. 122. 140.  83. 105. 120.  80.  68. 206. 158. 135.  98. 213. 172.
  58.  12.  39.  69.  91. 110.  16.  57. 167.  79. 188. 138. 186. 141.
 119. 180. 155.  40. 113. 174. 106. 108.  29. 199. 144. 185.  54. 192.
 187. 109.]

###########################################################

C6: 1328 (float64)
[  1.   4.   3.   5.   7.  99.   2.   0.   6.  72. 147. 181. 128.  22.
 101.  12.  17. 139. 122.  68.  21. 110.   9.  84.  10.  73. 152. 113.
  11.  46.  57.  47.  48. 121. 107.  93.  71.  14.  15.  13.  29.  27.
  76.  40.   8.  58. 167.  32.  98. 184.  16.  87.  82.  90.  86.  66.
  77.  67.  83.  88.  94.  69. 114.  70. 118.  49. 112. 149. 109. 111.
 548. 549.  65.  63.  74.  96. 106.  41. 137. 105.  56. 120.  81. 550.
  28.  89.  43.  55.  53.  35.  54. 178.  91. 165.  92. 129. 130. 142.
 104. 102.]

###########################################################

C7: 1103 (float64)
[  0.   1.   2.   4.  46.   3.  47.  48.  10.  29.  13.  32.  27.   7.
   5.  20.   9.  33.   6.  34.  30.  12.  14.  64.   8.  19.  17.  18.
  21.  66.  70.  35.  44.  31.  79.  80.  81.  82.  84.  87.  88.  91.
  92.  93.  94.  95.  96.  98. 100. 108. 110. 112.  11. 114. 115. 118.
 122. 124. 127. 128. 129. 130. 132. 133. 134. 135. 136. 137. 138. 139.
 140. 144. 145. 146. 148. 149. 155. 156. 157. 161. 164. 166. 167. 168.
 170. 173. 175. 176. 177. 178. 179. 181. 183. 184. 185. 187. 188. 190.
 191. 192.]

###########################################################

C8: 1253 (float64)
[  0.   1.   6.   2.   5.  13.   4.  49.  12.   3.  10.   9.   7.   8.
  38.  24. 349. 350.  32. 352.  11.  18.  51. 351.  20.  19.  16.  21.
  23.  25.  28.  26.  77.  14.  27.  29.  30.  31.  78.  22.  17.  15.
  41.  42. 355. 105.  33.  34.  35.  36.  37. 161. 162. 163.  44.  52.
  54.  57.  82.  84.  85.  89.  95.  98.  99. 102. 103. 104. 107. 108.
 110. 112. 121. 130. 131. 136. 139. 140. 143. 147. 152. 158. 159. 160.
 165. 174. 175. 176. 177. 178. 179. 180. 183. 184. 185. 189. 190. 191.
 209. 210.]

###########################################################

C9: 205 (float64)
[  1.   0.   3.   2.  81.   4.  76. 129.   9.  64. 114.  17.   6.  79.
  14.   5.  97.  43.  13.   8. 133.  94.  88.  55.  54. 116.  86.  20.
  52.   7.  95.  73.  71.  12.  11.  15.  16.  26.  87.  10.  25.  72.
  34.  59.  61.  51.  22.  78.  19.  66.  62.  74.  63.  70.  57.  67.
  69. 103.  56.  41.  84.  68.  90.  96.  36.  47.  83.  65.  42.  49.
 102.  60.  82.  50.  29.  85. 111.  99. 110.  80.  27.  48.  45. 121.
 108.  44. 105.  30.  18.  58. 149. 150.  91. 115.  33. 122.  89.  75.
  77.  53.]

###########################################################

C10: 1231 (float64)
[  0.   1.  93.   2.  11. 104.   3.  31.  15.   5.   8.  14.   7.  10.
   4.  25.  22.   6.  58.  16.   9.  19. 300. 301.  47. 303.  17. 302.
  97.  36.  13.  12.  38.  37.  48.  39.  26.  56.  98. 304.  23.  20.
  94.  46.  57.  18.  50.  99. 100. 306.  61.  24.  27.  21.  40.  28.
  45. 103.  41.  59. 305.  62.  67.  70.  74. 133. 156. 157. 163. 178.
 181. 182. 186. 187. 188. 189. 191. 192. 195. 197. 206. 213. 217. 220.
 221. 224. 230. 234. 239. 240. 241. 242. 244. 249. 250. 251. 252. 253.
 254. 255.]

###########################################################

C11: 1476 (float64)
[  2.   1.   5.   3.  80.   4.  73. 132.   9. 182. 134.  19.   8.  94.
  13.  18.   6.   7. 154.  98.  54.  15.   0. 137. 103. 117.  12.  67.
 147. 105.  23.  10.  52. 130. 114.  84.  77.  14.  11.  25.  24.  71.
  34.  58.  81.  29. 108. 186.  91.  50.  33.  87.  97.  93.  65.  22.
  17.  88.  66.  90.  92. 104. 128. 131.  48. 149.  55. 574.  40. 576.
  61.  68.  74.  60. 113. 111.  57. 127. 107.  79.  85.  83. 577.  32.
  62.  78.  75.  72.  44.  26.  59.  31. 162.  99. 161. 146. 143.  82.
 153.  96.]

###########################################################

C12: 1199 (float64)
[  0.   2.   1.   4.   3.   5.  10.   8.  33.  71.  31.   7.  18.  13.
  22.   6.   9.  11.  24.  19.  37.  12.  83.  84.  42.  16.  32.  43.
 124.  14.  34.  35.  15.  44.  45.  46.  36.  47.  17.  20.  25.  48.
  21.  49.  27.  95.  50.  96.  51.  38. 101. 105. 156. 159. 160. 163.
 165. 168. 169. 172. 173. 174. 175. 177. 178. 182. 184. 195. 199. 203.
 206. 207. 210. 213. 217. 221. 222. 223. 224. 227. 228. 231. 232. 233.
 234. 235. 236. 237.  28. 239. 240. 241. 245. 246. 258. 259. 261. 264.
 268. 272.]

###########################################################

C13: 1597 (float64)
[  1.  25.  12.   2.   6.  24.  22. 673.  10.   5.   4.  19.  11.  18.
 498.  96.   3. 527.  34.  23.  39.   7.  45.   8.   9.  17. 258.   0.
  15. 483.  14.  99.  43.  16. 453.  13.  52.  88.  32.  31. 201.  37.
  47. 478.  30.  21. 408.  20.  27.  36.  44. 788. 789. 615.  54. 510.
 421. 390. 438.  57.  79.  35. 337.  78.  38. 156.  91. 322.  28. 506.
 110.  26. 489. 579.  42. 448. 117.  95. 105. 111.  29.  33. 126. 163.
 463. 164.  59.  69. 173.  40. 513. 180. 790. 427. 106. 394. 404. 112.
 228. 632.]

###########################################################

C14: 1108 (float64)
[  1.   2.   3.   6. 111.   5.  79. 148.   7.   4.  10. 108.   0. 155.
  18. 105.  19.   9. 173. 106.  72.  23.   8. 159. 127.  11. 139.  82.
  13.  90. 143. 104.  20.  70. 110.  14. 125. 103. 112.  12.  21.  37.
  30.  78.  35.  96.  83.  98.  51. 120.  92.  64.  81.  97.  59.  38.
  16.  87.  85.  94. 117. 119. 114. 128.  15.  65.  55. 113. 126.  91.
  95. 366.  41. 367.  86.  56.  76. 118.  58.  80. 100.  68.  74. 131.
 109.  25.  42.  84. 368.  77. 115.  75.  89.  26.  73.  39. 107.  93.
 133. 154.]

###########################################################

D1: 641 (float64)
[ 14.   0. 112.  61.   1.  72.  46.  62. 485.  66. 169.  29. 121. 245.
 201. 478. 542. 181.  91.   3. 108. 394.  21.   5.  36.  12. 104. 464.
 238. 239.  47. 456. 216.  78.  31. 404.  57.   9.  40. 429. 119.  41.
 250.  56. 416.  37. 369. 157. 164.  10.  59. 248. 453. 457. 125. 217.
   8.  32. 146. 358.  60. 154. 151.  94.  30.  93.  11. 483.  83.  86.
 163. 234. 343.  51. 102. 480. 318. 463. 172. 379. 153. 142. 339. 322.
 127. 303.  48.  64.  22.  79. 257. 213.   6.  27. 107. 265. 117. 462.
 139.  90.]

###########################################################

D2: 641 (float64)
[ nan 112.  61.   1.  72.  46.  62. 485.  66. 169.  29. 121. 245. 201.
 478. 542. 181.  68.   3. 108. 394.  21.   5.  36.  12. 104. 464.  32.
 239.  47. 456. 216.  78.  31. 404.  57.   9.  40. 429. 119.  41. 250.
   0.  56. 416.  37. 171. 157. 164.  10.  59. 248. 453. 457. 125. 217.
   8. 146.  14. 358.  60. 154. 151.  94.  30.  93. 483.  83.  86. 234.
 343.  51. 102. 480. 318. 463. 172. 379. 153. 142. 233. 322. 163. 127.
 303.  48.  22.  79. 257. 213.   6.  27. 107. 265. 117. 462. 139.  90.
 174.  19.]

###########################################################

D3: 649 (float64)
[ 13.  nan   0.  30.  11.  10.   2.   3.  35.  56.   1. 121. 245.  86.
 210.  23. 107.  65.  28.  20.   5.  39.  19.   8.  15.  31.  14.  71.
   9.  21.  40.  36. 163.   4.  25.  33.  59.   7.  55.  91. 153.  17.
  37.  93.  52.  82.  32.  50.  12.  72.  27.  29. 141.  58.  24.   6.
  63.  22.  41.  54.  90. 169.  18.  77. 145.  16. 152.  57. 242.  67.
  44.  42. 318.  69. 167. 238. 332.  43. 172.  51. 100. 201.  60. 125.
 425. 174.  34.  48.  99. 227. 147.  92.  70.  94.  62. 407. 328.  53.
 105. 323.]

###########################################################

D4: 808 (float64)
[ nan   0.  94. 318. 107.  45.  35. 358.  65.  24. 244. 391. 259. 400.
 290. 477.  22. 289. 365.  20. 319. 463. 237.   5. 456. 198.  77. 403.
  71. 211.   9.  39. 428. 327.  40. 249. 143. 292.  36. 369. 479. 229.
 163. 426. 247. 433. 124. 442.  31. 145.  14. 475. 413.  15. 232.  30.
 398. 430. 151.   4.  28. 482. 299. 233. 342. 311.  55. 152. 480. 462.
 242. 453. 338. 127.  48.  88. 144. 304. 421. 330. 140. 212.   6. 264.
 117.  66. 472. 310. 126. 379.  18. 449. 222. 440. 483. 223. 238.   3.
  49. 297.]

###########################################################

D5: 688 (float64)
[ nan   0.  30.  11.  10.   2.  40.  35.   1.  90.  56. 121. 200. 109.
  22.  46. 107.  20. 222.  39.  19.   8.   5.  32.  14.  71.   9.  23.
  28.  15.  36. 229. 163.  25. 433.  59.  55.  48.  93.  18.  24.   4.
  37.  50.  72.  27.  92.   6.  63.  29.  66. 122.   3.  41.  31. 148.
 152. 145. 288.  33.  16.  57. 242.  67.  42. 438. 318.  69.  21.   7.
 102. 203.  17.  49. 252.  77.  43.  51. 104. 100.  98.  13. 425. 174.
 159. 108. 135.  34. 195. 388. 137. 227. 192. 119. 147. 131.  96. 407.
  53. 105.]

###########################################################

D6: 829 (float64)
[ nan   0. 537.  35. 216. 163. 398.  24. 338.  18.  55. 242.  42. 318.
  46. 348. 566.   1.  28. 289. 346.  60.   2.  75. 260. 227. 237.  83.
 407.  71. 123. 235. 282.  49.  26. 372. 280. 210. 682. 547. 364.   3.
 240. 303. 320. 360. 330. 103. 122.  23. 182. 141. 365. 366. 155. 315.
 275. 367.  95. 582. 354.  86. 691. 377.  39. 302. 298.   9. 695. 175.
   5.  69.  12.   7.   8. 347.  50. 130. -83.  88. 345.  13. 214.  21.
 655. 299.  82. 657.  41. 567. 363.  14.  27. 215.   4. 281. 169. 209.
 252. 423.]

###########################################################

D7: 597 (float64)
[ nan   0.   4.   8. 163.  48.  24.  11.  18.  16. 242.  42. 318.  46.
 102.   3.   1.  28.  43. 104.  55.   2. 227. 119.  35. 407.  30. 121.
 183. 282.  15.  26.  71. 195.  22. 364.  92. 320. 360. 148.  23. 365.
 338. 182.   7.   6. 367.  10.  40.  39.  21.   9. 175.   5.  19.  12.
 347. 345.  13. 168.  74.  82. 112.  44.  14.  27. 215. 169.  34. 358.
 357. 135. 208. 261.  62. 337. 209. 288.  32.  61.  60. 201. 329. 382.
  70. 295. 344. 226. 349. 203. 255. 170.  29. 351.  95. 307. 353. 606.
 210. 101.]

###########################################################

D8: 12353 (float64)
[           nan 8.30000000e+01 2.60000000e+01 2.10000000e+01
 2.90000000e+01 1.89000000e+02 1.26000000e+02 7.77000000e+02
 1.20000000e+01 2.55000000e+02 0.00000000e+00 7.00000000e+00
 4.00000000e+00 1.28000000e+02 2.00000000e+00 9.40000000e+01
 7.66000000e+02 8.10000000e+01 5.49000000e+02 1.40000000e+02
 4.50416641e+01 4.16660011e-02 1.08041664e+02 2.48041672e+02
 1.11041664e+02 4.04166603e+00 2.91041656e+02 3.04166603e+00
 1.90416660e+01 4.15041656e+02 8.66041687e+02 1.70416660e+01
 1.04166603e+00 1.06041664e+02 3.85041656e+02 2.10416660e+01
 5.80833321e+01 8.33330005e-02 3.35083344e+02 1.00833330e+01
 3.20833321e+01 3.97083344e+02 4.70833321e+01 7.40833359e+01
 1.30833330e+01 2.90083344e+02 3.33083344e+02 7.65083313e+02
 6.20833321e+01 6.00833321e+01 9.70833359e+01 2.29083328e+02
 2.46083328e+02 2.08333302e+00 4.84083344e+02 2.42083328e+02
 2.70833321e+01 7.00833359e+01 3.08333302e+00 2.29125000e+02
 1.25000000e-01 6.21125000e+02 8.81250000e+01 9.11250000e+01
 7.61250000e+01 4.84125000e+02 1.91250000e+01 2.69125000e+02
 3.55125000e+02 8.71250000e+01 1.19125000e+02 4.12500000e+00
 3.51250000e+01 5.81250000e+01 2.64125000e+02 5.71250000e+01
 1.17125000e+02 7.16666603e+00 2.69166656e+02 2.26166672e+02
 1.66666001e-01 5.64166687e+02 2.66166656e+02 4.38166656e+02
 8.31666641e+01 2.60166656e+02 8.16666603e+00 8.32083359e+01
 1.02083330e+01 9.20833302e+00 2.08333001e-01 2.42208328e+02
 4.65208344e+02 4.92083321e+01 7.82083359e+01 2.50000000e-01
 2.25000000e+00 7.25000000e+00 2.32500000e+01 5.25000000e+00]

###########################################################

D9: 24 (float64)
[       nan 0.         0.041666   0.083333   0.125      0.166666
 0.208333   0.25       0.291666   0.33333299 0.416666   0.45833299
 0.5        0.54166597 0.58333302 0.625      0.66666597 0.70833302
 0.75       0.79166597 0.83333302 0.875      0.91666597 0.95833302
 0.375     ]

###########################################################

D10: 818 (float64)
[ 13.   0.  84.  nan  40. 107.  45. 465.  50. 485.  26. 244. 264.  28.
 121. 245. 290. 520. 181. 289.   2. 365.  20.   5.  35. 104. 463. 331.
 466. 284.  15. 455. 456.  24. 403. 140.  71. 200.   9.  39. 428. 327.
 249.  97.  30. 169. 454. 229.  72. 479. 426. 247. 453. 433. 457. 124.
 442.   7. 145.  14. 475. 153. 232. 268.  63.  37.  93.  80.  76.  49.
   4.  10.  32. 482.  82.  17. 299. 163. 233. 234.   3. 477. 480.  12.
 462. 242. 493. 152. 125. 127. 302.  48. 137. 151. 304.  22. 330. 410.
 212.   6.]

###########################################################

D11: 676 (float64)
[ 13.  nan 315.   0. 302. 423. 237.  35. 245. 446.  22. 358. 289.   2.
 259. 294. 426.  12. 104. 435.   5.  15. 300. 215. 275. 420. 314.   9.
  39. 428. 226.  40. 207. 343.  36. 229. 107. 267. 424.   7. 276. 153.
 150. 268. 257.  76.   4.  90.  82. 163.  66. 193.  55. 480. 485. 429.
 231. 141.  26. 165. 137. 298. 464. 425. 461. 189. 256. 363. 126. 347.
 440. 416. 419.   3. 183. 186. 466. 209.  79. 304. 133.  63. 342. 204.
 372. 422.  25.  46. 438.  47. 100.  42.  67.  44. 105.  99. 371. 397.
  56.  29.]

###########################################################

D12: 635 (float64)
[ nan   0.  35. 163. 398.  24. 338.  18. 242.  42. 318. 348.   1.  28.
 289. 346.  60.   2.  75. 260. 227. 237.  83. 470.  71. 123. 235. 282.
 233.  49.  26. 372. 210.   3. 240. 320. 103. 122.  23. 182. 366. 315.
 275. 354. 377.  39. 302. 298.   9. 175.   5. 455.  12.   7.  50. 479.
 -83.  88. 345.  13. 214.  21. 299.  82.  41. 363.  55.  14.  27. 215.
   4. 169. 209. 471. 358.  30. 229. 332. 261. 284. 379. 292. 183. 265.
 263. 161. 349.  11. 191. 296. 293.  61. 201. 357. 277. 295. 294. 323.
 335. 107.]

###########################################################

D13: 577 (float64)
[ nan   0.  24.  18.  21.  58. 367.  47. 289.  60. 229. 245.   1.  90.
  75. 119.  56.   2.  71. 210. 295.   3. 303. 122. 254. 275.  39. 305.
  13.  23. 172.  31.   7.  97. 118. 312. 357.  78.   4. 258. 110.  16.
 606. 313.   9. 370. 544. 184. 699. 368. 342.  17. 298.  62.  28. 371.
 225.  88. 169. 111.  81. 125.  48.  51. 355.  82. 166. 307. 294.   5.
  19. 264.  20.  42.  68. 216. 185. 230.  29.  43. 335. 591. 131. 369.
 356. 365.  49. 261.  34.  10.  33. 672. 330.  77.  63. 236. 197. 306.
 175.  15.]

###########################################################

D14: 802 (float64)
[  nan    0.   98.   97.    2.   18.   50.  386.  301.  337.   46.   87.
  164.  298.  244.  369.  123.  368.   21.   13.   22.   71.  170.    1.
   57.  328.  327.  230.  696.   17.  330.   36.    3.  204.  498.  543.
  375.  178.  598.  361.  189.  197.  147.  253. -193.  112.   86.  595.
  241.  214.  693.  306.  -83.  268.  259.   33.  255.  437.  309.  323.
  163.  152.  363.   34.   84.  277.  252.  332.   24.   16.  380.  453.
  364.  440.  114.  250.  263.  124.   44.  286.  353.  155.   35.  136.
   88.  347.   61.  372.  212.   29.   60.  443.  585.  258.  226.    8.
   95.  344.  243.   23.]

###########################################################

D15: 859 (float64)
[  0. 315. 111.  nan 318. 107.  45.  62. 109.  65.  26. 244. 391. 259.
 121. 245. 290. 477. 541. 389.  22. 289.   2. 406. 458.  20.   5.  35.
  12. 104. 248. 237. 466. 284.  46. 455. 456. 218.  77. 450. 403. 444.
  71.   9.  39. 428. 327.  40. 249. 143. 292. 416.  36. 362. 454.  72.
 479. 120. 426. 247. 453. 457. 124. 335.   7. 145.  14. 100. 413. 232.
 268.  63.  37. 591.  30. 363. 190. 374.  76. 151. 152.  10.  32.  82.
  17. 299. 163. 233.  66.  81.  55. 102. 211. 462. 242. 485. 142. 338.
 321. 125.]

###########################################################

M1: 2 (object)
['T' nan 'F']

###########################################################

M2: 2 (object)
['T' nan 'F']

###########################################################

M3: 2 (object)
['T' nan 'F']

###########################################################

M4: 3 (object)
['M2' 'M0' nan 'M1']

###########################################################

M5: 2 (object)
['F' 'T' nan]

###########################################################

M6: 2 (object)
['T' 'F' nan]

###########################################################

M7: 2 (object)
[nan 'F' 'T']

###########################################################

M8: 2 (object)
[nan 'F' 'T']

###########################################################

M9: 2 (object)
[nan 'F' 'T']

###########################################################

id_01: 77 (float64)
[  nan    0.   -5.  -15.  -10.  -20.  -40.  -30.  -25.  -55.  -45.  -70.
  -90. -100.  -65.  -60.  -75.  -72.  -50.  -21.  -35.  -85.  -64.  -80.
  -95.  -87.  -58.   -7.  -12.  -11.   -9.  -27.  -42.   -6.  -62.  -18.
  -76.  -23.  -19.  -99.  -13.  -26.  -31.  -17.  -22.  -14.  -34.  -54.
  -53.  -28.  -88.  -16.  -61.  -46.  -94.  -24.  -93.  -44.  -89.  -92.
  -37.  -96.  -57.  -29.  -33.  -32.   -8.  -52.  -43.  -38.  -86.  -47.
  -82.  -48.  -63.  -71.  -56.  -51.]

###########################################################

id_02: 115655 (float64)
[    nan  70787.  98945. 191631. 221832.   7460.  61141.  31964. 116098.
 257037. 287959.  88525.  54927.  69542. 132356. 275611. 419136. 436352.
  34810. 129080. 264818.  49557.  30696. 194580. 252899. 190935.  23923.
  18305.  32876. 175789.  68343. 110477. 157470. 127488. 123916.  55836.
 124221. 113499.  79656.  15464. 363527. 157297. 302597. 211439.  77852.
  49347. 146516.  84798.  86577. 163246.  52546. 169947. 222455. 271870.
 154042. 133082. 104033.  87090. 547674.  34648. 235745.  42969.  95459.
  67018.  95044.  80312. 269062. 170760. 258138. 104992.  88077. 485513.
  91167. 214916.  88570.  36268. 134690. 155564. 614791. 214994. 163133.
  88945. 153524.   6300. 141271. 381993.  70761. 108757. 324495. 561432.
 131248.  68658.  67872.  60309. 228519.  78125. 550210. 117984.  33717.
 501809.]

###########################################################

id_03: 24 (float64)
[ nan   0.   3.   2.   5.   1.   6.   9.   4.  -5.  -9.  -2.  -4.  -1.
  -3.  -7.  -6. -11.   7.  -8.  10. -10.   8. -12. -13.]

###########################################################

id_04: 15 (float64)
[ nan   0. -11.  -5.  -8.  -1.  -6.  -9.  -3. -13.  -4. -10.  -7. -12.
  -2. -28.]

###########################################################

id_05: 93 (float64)
[ nan   0.   1.   3.   2.   9.  12.   6.   4.  21.   7.   5.  18.  17.
  -1.  11.   8.  10. -10.  -8.  40.  13.  19.  -3.  14.  22.  -4.  15.
  23.  24.  -2.  41.  20.  -5.  31.  50.  -9.  25.  27.  -7.  33. -26.
 -11.  26.  32.  42.  29.  -6.  16. -21. -12. -16.  28.  34. -30.  30.
  39. -28.  38. -27.  37. -13. -15. -14. -18.  52.  35. -17. -23. -25.
  48. -20. -31.  36. -19.  47. -34. -24.  43.  46.  45.  44. -33. -22.
 -29. -72. -37. -35. -44. -40. -32. -46. -38. -39.]

###########################################################

id_06: 101 (float64)
[  nan   -5.    0.   -6.  -10.  -11.   -1.   -4.  -43.   -9.  -44.  -33.
  -29.   -8.  -81.  -13.  -24.  -17.  -32. -100.  -25.  -49.  -12.  -22.
  -56.  -14.   -2.  -27.  -20.  -26.  -36.   -7.  -19.  -34.  -30.  -72.
  -21.  -41.  -48.  -16.  -39.   -3.  -31.  -78.  -35.  -45.  -47.  -28.
  -18.  -50.  -23.  -15.  -46.  -38.  -55.  -67.  -42.  -40.  -98.  -37.
  -63.  -60.  -51.  -57.  -66.  -62.  -59.  -52.  -64.  -82.  -97.  -58.
  -53.  -75.  -69.  -61.  -54.  -84.  -90.  -71.  -85.  -80.  -68.  -73.
  -76.  -88.  -77.  -92.  -79.  -65.  -96.  -70.  -86.  -74.  -83.  -94.
  -87.  -93.  -91.  -95.]

###########################################################

id_07: 84 (float64)
[ nan  22.   6.  -1.   4.   2.  17.  12.  27.   5.  18.  16.  23.  -4.
  25.  20.  39.  21.   0.  -9.  10.   1.  19.  24.  29.  13.  30.  11.
   8.   7.  14.  31.  32.   9.  -5.   3.  26.  28.  33.  15.  -6.  -2.
  38.  34.  37. -16. -14.  -8.  41. -10.  -3.  -7.  36.  35. -13. -12.
 -11.  48.  40. -19.  43.  42. -18.  61.  44. -23.  52.  45.  51.  49.
 -46. -24. -27. -22. -31. -21. -17. -32. -33. -37. -30.  46. -26. -15.
 -20.]

###########################################################

id_08: 94 (float64)
[  nan  -34.  -55. -100.  -15.  -33.  -13.  -36.  -44.  -26.  -20.  -18.
  -50.  -43.  -32.  -49.   -7.  -46.  -27.  -25.  -24.    0.  -10.  -73.
   -6.  -35.  -21.  -54.  -11.  -40.  -29.  -28.  -37.  -30.  -51.  -12.
  -19.  -48.  -88.   -5.  -22.  -47.  -92.  -38.  -60.  -31.  -80.  -23.
  -75.  -59.  -71.  -85.   -9.   -1.   -8.  -14.  -41.  -78.  -53.  -45.
  -68.  -98.  -56.  -61.  -16.  -52.  -42.  -77.  -69.   -4.  -17.  -76.
  -63.  -57.  -39.  -58.  -72.  -67.   -3.  -62.  -64.  -66.  -90.  -95.
  -70.  -97.  -79.  -93.  -81.  -74.   -2.  -82.  -84.  -65.  -99.]

###########################################################

id_09: 46 (float64)
[ nan   0.   3.   2.   1.   5.  -8.   7.   4.   6.  -6.  -1.   9.  -7.
  -4. -11. -22.  -2.  -5.  -9.  -3. -15.   8.  14. -10. -23.  10.  13.
 -17. -13.  12.  16.  15. -12.  11. -36.  25. -21. -20. -30. -19. -31.
 -18.  17. -14. -24. -26.]

###########################################################

id_10: 62 (float64)
[  nan    0.   -9.  -42.   -6.  -29.   -8.   -1.   -5.  -11.  -16.  -33.
   -7.  -30.   -4.  -10.  -27.  -25.  -21.  -12.  -24.   -3.  -32.  -13.
  -28.  -19.  -35. -100.  -37.   -2.  -14.  -17.  -40.  -49.  -38.  -23.
  -20.  -18.  -15.  -58.  -34.  -43.  -39.  -31.  -36.  -55.  -22.  -68.
  -26.  -51.  -50.  -47.  -60.  -57.  -56.  -44.  -64.  -59.  -41.  -54.
  -65.  -53.  -45.]

###########################################################

id_11: 365 (float64)
[         nan 100.          93.75        95.08000183  95.65000153
  94.29000092  96.19000244  90.56999969  97.54000092  96.43000031
  98.31999969  98.91000366  94.12000275  94.19999695  96.19999695
  96.23000336  93.55000305  94.68000031  90.91000366  94.05000305
  96.47000122  97.5         95.16000366  98.25        97.12000275
  97.13999939  97.51999664  97.26999664  97.66999817  91.52999878
  96.94000244  96.73999786  97.16999817  92.55000305  97.80000305
  97.          92.94000244  96.30000305  92.23999786  93.62000275
  93.94000244  99.22000122  98.05999756  96.72000122  95.69999695
  93.40000153  95.          93.15000153  96.66999817  96.97000122
  91.02999878  93.33000183  95.23999786  90.19999695  96.83999634
  97.05999756  96.05000305  95.05000305  97.84999847  95.59999847
  90.09999847  97.62000275  96.69999695  98.09999847  98.08000183
  91.43000031  95.18000031  95.58999634  97.22000122  95.76999664
  91.48999786  96.12000275  96.15000153  96.38999939  92.30999756
  95.36000061  97.44000244  95.30999756  90.29000092  97.25
  94.23000336  94.37000275  97.19999695  90.58999634  91.08999634
  99.01000214  93.01999664  97.58999634  97.94000244  96.55000305
  90.73999786  94.          96.63999939  90.23999786  96.51000214
  93.66999817  97.69999695  91.45999908  96.25        93.84999847]

###########################################################

id_12: 2 (object)
[nan 'NotFound' 'Found']

###########################################################

id_13: 54 (float64)
[nan 49. 52. 14. 20. 55. 43. 18. 41. 63. 61. 35. 25. 39. 57. 15. 11. 44.
 62. 59. 28. 24. 51. 60. 54. 36. 38. 31. 56. 58. 22. 50. 32. 45. 48. 23.
 30. 17. 13. 37. 21. 46. 10. 26. 53. 34. 47. 33. 40. 29. 19. 64. 12. 27.
 42.]

###########################################################

id_14: 25 (float64)
[  nan -480. -300. -360. -420. -540. -600.  480. -240.  300. -180.   60.
    0.  180.  540.  600.  420.  270.  120.  240.  330. -120.  360.  720.
 -660. -210.]

###########################################################

id_15: 3 (object)
[nan 'New' 'Found' 'Unknown']

###########################################################

id_16: 2 (object)
[nan 'NotFound' 'Found']

###########################################################

id_17: 104 (float64)
[ nan 166. 121. 225. 102. 148. 199. 146. 144. 133. 100. 130. 218. 150.
 195. 153. 159. 142. 210. 200. 118. 122. 149. 189. 192. 136. 124. 191.
 212. 183. 111. 143. 152. 114. 126. 168. 184. 208. 175. 112. 217. 106.
 123. 203. 229. 147. 202. 145. 182. 119. 177. 228. 173. 216. 207. 137.
 141. 107. 205. 162. 213. 157. 219. 138. 116. 135. 158. 180. 163. 131.
 156. 128. 201. 127. 220. 154. 134. 214. 105. 186. 198. 151. 226. 129.
 185. 194. 171. 197. 117. 164. 178. 160. 120. 161. 155. 190. 140. 211.
 101. 110.]

###########################################################

id_18: 18 (float64)
[nan 15. 18. 13. 12. 20. 21. 14. 26. 24. 17. 11. 29. 16. 28. 25. 23. 27.
 10.]

###########################################################

id_19: 522 (float64)
[ nan 542. 621. 410. 176. 529. 352. 484. 254. 278. 307. 266. 290. 548.
 122. 215. 100. 345. 242. 193. 650. 390. 492. 427. 417. 312. 153. 454.
 633. 121. 607. 400. 321. 197. 325. 536. 397. 669. 393. 216. 384. 418.
 630. 475. 214. 139. 341. 495. 271. 404. 380. 186. 277. 226. 414. 303.
 617. 553. 317. 365. 521. 107. 374. 253. 622. 445. 526. 641. 360. 527.
 339. 478. 588. 399. 201. 335. 236. 144. 487. 447. 570. 574. 664. 459.
 146. 152. 653. 348. 273. 308. 372. 603. 145. 613. 648. 559. 516. 490.
 315. 457.]

###########################################################

id_20: 394 (float64)
[ nan 144. 500. 142. 507. 575. 600. 533. 333. 549. 566. 305. 401. 391.
 535. 325. 222. 277. 368. 597. 214. 489. 256. 223. 215. 484. 122. 350.
 563. 107. 417. 153. 177. 146. 638. 561. 394. 278. 565. 181. 272. 611.
 568. 266. 225. 216. 161. 139. 595. 360. 469. 541. 472. 439. 100. 315.
 612. 521. 397. 127. 254. 186. 280. 111. 340. 253. 337. 299. 501. 358.
 404. 514. 430. 178. 192. 321. 324. 623. 268. 411. 145. 314. 581. 609.
 456. 483. 371. 204. 497. 154. 588. 103. 610. 633. 460. 261. 269. 312.
 311. 242.]

###########################################################

id_21: 490 (float64)
[ nan 252. 657. 724. 228. 369. 796. 755. 848. 734. 849. 596. 672. 255.
 457. 164. 409. 130. 680. 510. 621. 817. 402. 324. 500. 309. 114. 131.
 501. 184. 420. 601. 480. 306. 820. 770. 237. 634. 761. 816. 668. 538.
 353. 453. 166. 123. 488. 853. 537. 437. 802. 525. 332. 197. 739. 394.
 801. 329. 277. 449. 183. 498. 609. 178. 487. 809. 542. 576. 695. 763.
 235. 481. 727. 587. 807. 575. 391. 208. 691. 253. 327. 558. 530. 194.
 317. 591. 519. 728. 204. 566. 245. 250. 581. 441. 709. 456. 595. 266.
 447. 600.]

###########################################################

id_22: 25 (float64)
[nan 14. 41. 21. 33. 35. 19. 20. 31. 12. 36. 23. 28. 40. 24. 39. 22. 43.
 26. 44. 10. 17. 38. 37. 18. 42.]

###########################################################

id_23: 3 (object)
[nan 'IP_PROXY:TRANSPARENT' 'IP_PROXY:ANONYMOUS' 'IP_PROXY:HIDDEN']

###########################################################

id_24: 12 (float64)
[nan 11. 15. 16. 12. 21. 18. 25. 26. 19. 23. 24. 17.]

###########################################################

id_25: 341 (float64)
[ nan 321. 161. 460. 426. 205. 268. 509. 132. 516. 485. 365. 501. 427.
 356. 191. 514. 442. 525. 533. 353. 181. 388. 445. 392. 455. 172. 108.
 523. 302. 355. 226. 250. 359. 102. 349. 458. 119. 126. 242. 170. 239.
 471. 375. 143. 422. 104. 160. 134. 468. 240. 497. 202. 504. 371. 231.
 173. 216. 118. 337. 310. 480. 175. 341. 130. 382. 325. 405. 312. 236.
 286. 276. 500. 193. 496. 381. 404. 123. 510. 245. 166. 146. 113. 343.
 531. 203. 319. 208. 519. 272. 158. 385. 284. 451. 475. 196. 290. 247.
 495. 417.]

###########################################################

id_26: 95 (float64)
[ nan 184. 102. 159. 142. 117. 191. 119. 121. 182. 100. 216. 147. 146.
 133. 206. 161. 215. 169. 152. 143. 163. 186. 111. 106. 137. 134. 190.
 185. 156. 130. 162. 149. 144. 168. 103. 107. 194. 125. 203. 131. 124.
 115. 118. 199. 122. 150. 138. 170. 126. 187. 129. 177. 174. 114. 136.
 165. 205. 109. 180. 116. 202. 195. 209. 113. 101. 204. 208. 200. 189.
 110. 157. 141. 164. 178. 212. 158. 127. 128. 214. 167. 123. 201. 108.
 211. 160. 155. 153. 193. 176. 120. 145. 192. 183. 172. 198.]

###########################################################

id_27: 2 (object)
[nan 'Found' 'NotFound']

###########################################################

id_28: 2 (object)
[nan 'New' 'Found']

###########################################################

id_29: 2 (object)
[nan 'NotFound' 'Found']

###########################################################

id_30: 75 (object)
[nan 'Android 7.0' 'iOS 11.1.2' 'Mac OS X 10_11_6' 'Windows 10' 'Android'
 'Linux' 'iOS 11.0.3' 'Mac OS X 10_7_5' 'Mac OS X 10_12_6'
 'Mac OS X 10_13_1' 'iOS 11.1.0' 'Mac OS X 10_9_5' 'Windows 7'
 'Windows 8.1' 'Mac' 'iOS 10.3.3' 'Mac OS X 10.12' 'Mac OS X 10_10_5'
 'Mac OS X 10_11_5' 'iOS 9.3.5' 'Android 5.1.1' 'Android 7.1.1'
 'Android 6.0' 'iOS 10.3.1' 'Mac OS X 10.9' 'iOS 11.1.1' 'Windows Vista'
 'iOS 10.3.2' 'iOS 11.0.2' 'Mac OS X 10.11' 'Android 8.0.0' 'iOS 10.2.0'
 'iOS 10.2.1' 'iOS 11.0.0' 'Mac OS X 10.10' 'Mac OS X 10_12_3'
 'Mac OS X 10_12' 'Android 6.0.1' 'iOS' 'Mac OS X 10.13'
 'Mac OS X 10_12_5' 'Mac OS X 10_8_5' 'iOS 11.0.1' 'iOS 10.0.2'
 'Android 5.0.2' 'Windows XP' 'iOS 11.2.0' 'Mac OS X 10.6' 'Windows 8'
 'Mac OS X 10_6_8' 'Mac OS X 10_11_4' 'Mac OS X 10_12_1' 'iOS 10.1.1'
 'Mac OS X 10_11_3' 'Mac OS X 10_12_4' 'Mac OS X 10_13_2' 'Android 4.4.2'
 'Mac OS X 10_12_2' 'Android 5.0' 'func' 'Android 7.1.2' 'Android 8.1.0'
 'other' 'Mac OS X 10_13_3' 'iOS 11.2.1' 'iOS 11.2.5' 'Windows'
 'iOS 11.2.2' 'iOS 11.3.0' 'iOS 11.2.6' 'Mac OS X 10_13_4'
 'Mac OS X 10_13_5' 'iOS 11.4.0' 'iOS 11.3.1' 'iOS 11.4.1']

###########################################################

id_31: 130 (object)
[nan 'samsung browser 6.2' 'mobile safari 11.0' 'chrome 62.0'
 'chrome 62.0 for android' 'edge 15.0' 'mobile safari generic'
 'chrome 49.0' 'chrome 61.0' 'edge 16.0' 'safari generic' 'edge 14.0'
 'chrome 56.0 for android' 'firefox 57.0' 'chrome 54.0 for android'
 'mobile safari uiwebview' 'chrome' 'chrome 62.0 for ios' 'firefox'
 'chrome 60.0 for android' 'mobile safari 10.0' 'chrome 61.0 for android'
 'ie 11.0 for desktop' 'ie 11.0 for tablet' 'mobile safari 9.0'
 'chrome generic' 'other' 'chrome 59.0 for android' 'firefox 56.0'
 'android webview 4.0' 'chrome 55.0' 'opera 49.0' 'ie'
 'chrome 55.0 for android' 'firefox 52.0' 'chrome 57.0 for android'
 'chrome 56.0' 'chrome 46.0 for android' 'chrome 58.0' 'firefox 48.0'
 'chrome 59.0' 'samsung browser 4.0' 'edge 13.0' 'chrome 53.0 for android'
 'chrome 58.0 for android' 'chrome 60.0' 'mobile safari 8.0'
 'firefox generic' 'Generic/Android 7.0' 'mobile' 'Samsung/SM-G532M'
 'chrome 50.0 for android' 'chrome 51.0 for android' 'chrome 63.0'
 'chrome 52.0 for android' 'chrome 51.0' 'firefox 55.0' 'edge' 'opera'
 'chrome generic for android' 'aol' 'samsung browser 5.4' 'Samsung/SCH'
 'silk' 'chrome 57.0' 'firefox 47.0' 'chrome 63.0 for android'
 'Samsung/SM-G531H' 'chrome 43.0 for android' 'waterfox' 'Nokia/Lumia'
 'chrome 63.0 for ios' 'puffin' 'Microsoft/Windows' 'cyberfox'
 'Generic/Android' 'samsung' 'opera generic' 'chrome 49.0 for android'
 'ZTE/Blade' 'safari' 'android browser 4.0' 'samsung browser 5.2'
 'palemoon' 'maxthon' 'line' 'LG/K-200' 'iron' 'BLU/Dash' 'seamonkey'
 'firefox 58.0' 'chrome 64.0 for android' 'chrome 64.0' 'firefox 59.0'
 'chrome 64.0 for ios' 'M4Tel/M4' 'comodo' 'Lanix/Ilium'
 'samsung browser generic' 'chromium']

###########################################################

id_32: 4 (float64)
[nan 32. 24. 16.  0.]

###########################################################

id_33: 260 (object)
[nan '2220x1080' '1334x750' '1280x800' '1366x768' '1920x1080' '1680x1050'
 '1136x640' '5120x2880' '2880x1800' '1920x1200' '2560x1600' '2048x1536'
 '1024x768' '1280x720' '2560x1440' '2208x1242' '2001x1125' '1440x900'
 '1600x900' '2672x1440' '1280x1024' '960x540' '2732x2048' '2436x1125'
 '2048x1152' '2960x1440' '1024x600' '855x480' '4096x2304' '2160x1440'
 '2562x1442' '801x480' '2736x1824' '3441x1440' '2880x1620' '3840x2160'
 '1638x922' '1280x768' '1360x768' '1280x960' '3440x1440' '1152x720'
 '1280x1025' '3360x2100' '2304x1296' '1152x864' '3200x1800' '2112x1188'
 '2224x1668' '2400x1350' '2000x1125' '1600x1000' '2560x1080' '1728x972'
 '3000x2000' '1024x640' '3840x2400' '2304x1440' '1280x600' '1400x1050'
 '1600x1200' '3201x1800' '1356x900' '1344x756' '1624x1080' '1536x864'
 '1800x1125' '1920x1281' '2961x1442' '1366x1024' '1344x840' '3360x1890'
 '1536x1152' '1200x675' '1480x720' '2400x1600' '3200x2000' '1281x801'
 '960x640' '1776x1000' '2048x1280' '2049x1152' '1138x640' '2160x1215'
 '2880x1440' '0x0' '2520x1575' '5760x3240' '3843x2163' '1184x720'
 '1440x810' '2076x1080' '1600x837' '1093x615' '1281x721' '1152x648'
 '2392x1440' '2048x1080' '2735x1825']

###########################################################

id_34: 4 (object)
[nan 'match_status:2' 'match_status:1' 'match_status:0' 'match_status:-1']

###########################################################

id_35: 2 (object)
[nan 'T' 'F']

###########################################################

id_36: 2 (object)
[nan 'F' 'T']

###########################################################

id_37: 2 (object)
[nan 'T' 'F']

###########################################################

id_38: 2 (object)
[nan 'T' 'F']

###########################################################

DeviceType: 2 (object)
[nan 'mobile' 'desktop']

###########################################################

DeviceInfo: 1786 (object)
[nan 'SAMSUNG SM-G892A Build/NRD90M' 'iOS Device' 'Windows' 'MacOS'
 'SM-G930V Build/NRD90M' 'BLADE A602 Build/MRA58K'
 'XT1635-02 Build/NPN26.118-22-2' 'Z970' 'SM-N920V Build/NRD90M'
 'Redmi Note 4 Build/MMB29M' 'Lenovo PB1-750M Build/S100'
 'LT22i Build/6.2.A.1.100' 'rv:52.0' 'SM-G950U Build/NRD90M'
 'LG-H872 Build/NRD90U' 'LG-K500 Build/MMB29M' 'SM-P550 Build/MMB29M'
 'SM-J700M Build/MMB29K' 'Trident/7.0' 'rv:57.0'
 'SAMSUNG SM-G930T Build/NRD90M' 'Blade V6 Plus Build/MRA58K'
 'BLL-L23 Build/HUAWEIBLL-L23' 'KYOCERA-C6742A Build/LMY47V'
 'F3113 Build/33.2.A.4.70' 'D5306 Build/19.4.A.0.182'
 'M4 SS4457 Build/MRA58K' 'SM-G955U Build/NRD90M' 'SM-G610M Build/MMB29K'
 'SAMSUNG SM-G935F Build/NRD90M' 'XT1635-01' 'rv:56.0' 'VS500'
 'CAM-L03 Build/HUAWEICAM-L03' 'RCT6303W87M7 Build/MRA58K'
 'M4 SS4451 Build/LMY47D' 'KFFOWI Build/LVY48F'
 'Moto E (4) Build/NMA26.42-19' 'SAMSUNG' 'E2306 Build/26.3.A.1.33'
 'Ilium L910 Build/MRA58K' 'GT-I9300' 'LG-H420 Build/LRX21Y'
 'Windows NT 6.2' 'XT1032 Build/LPBS23.13-56-2' 'GT-I9060M Build/KTU84P'
 'rv:38.0' 'Moto G (4) Build/NPJS25.93-14-10' 'SM-G530T'
 'LGMP260 Build/NRD90U' 'SM-E500M Build/KTU84P'
 'SAMSUNG SM-G950U Build/NRD90M' 'rv:11.0' 'SM-G920I Build/NRD90M'
 'SAMSUNG SM-J327T Build/NRD90M' 'SM-G900H Build/MMB29K'
 'TRT-L53 Build/HUAWEITRT-L53' 'Android 6.0.1'
 'Moto G Play Build/MPIS24.241-15.3-26' 'Nexus 6P Build/OPR5.170623.011'
 'SGP521' 'VS988 Build/NRD90U' 'SM-G531H Build/LMY48B'
 'Moto C Build/NRD90M.063' 'LG-K410 Build/LRX22G' 'SM-G935F Build/MMB29K'
 'Moto C Plus Build/NRD90M.05.022' 'LG-X180g Build/LMY47I'
 'SM-G925P Build/NRD90M' 'es-us' 'SM-G920V Build/NRD90M'
 'SM-G935T Build/NRD90M' 'Moto E (4) Plus Build/NMA26.42-69' 'SM-G925W8'
 'rv:48.0' 'SAMSUNG-SM-G930A Build/NRD90M' 'HTC One M9 Build/NRD90M'
 '7055A Build/KVT49L' 'Moto G Play Build/MPIS24.241-15.3-7'
 'SM-T810 Build/NRD90M' 'rv:51.0' 'SM-N910V Build/MMB29M'
 'SM-G930T Build/NRD90M' 'LG-H870 Build/NRD90U'
 'SAMSUNG SM-G950U1 Build/NRD90M' 'SAMSUNG SM-S727VL Build/MMB29M'
 'SM-N920G Build/NRD90M' 'Moto G (5) Plus Build/NPN25.137-72'
 'Moto G (5) Build/NPP25.137-72' 'SM-G935F Build/NRD90M'
 'LG-D373 Build/KOT49I.V10a' 'ALE-L23 Build/HuaweiALE-L23' 'Z836BL'
 'Ilium X710 Build/MRA58K' 'LG-D680 Build/KOT49I' 'M4 SS4450 Build/MRA58K'
 'LG-K580 Build/MRA58K' 'SM-J700M Build/LMY48B' 'SM-A710M']

###########################################################

